 0000 0000 0000 #000000 000 000 000
 0000 0000 0059 #0f0f0f 015 015 015
 0000 0000 0333 #555555 085 085 085
 0000 0000 0412 #696969 105 105 105
 0000 0000 0502 #808080 128 128 128
 0000 0000 0502 #808080 128 128 128
 0000 0000 0663 #a9a9a9 169 169 169
 0000 0000 0753 #c0c0c0 192 192 192
 0000 0000 0827 #d3d3d3 211 211 211
 0000 0000 0863 #dcdcdc 220 220 220
 0000 0000 0961 #f5f5f5 245 245 245
 0000 0000 1000 #ffffff 255 255 255
 0000 0200 0500 #996666 153 102 102
 0000 0215 0465 #905d5d 144 093 093
 0000 0251 0649 #bc8f8f 188 143 143
 0000 0429 0137 #321414 050 020 020
 0000 0500 0157 #3c1414 060 020 020
 0000 0500 0600 #cc6666 204 102 102
 0000 0531 0582 #cd5c5c 205 092 092
 0000 0531 0582 #cd5c5c 205 092 092
 0000 0594 0406 #a52a2a 165 042 042
 0000 0594 0406 #a52a2a 165 042 042
 0000 0594 0406 #a52a2a 165 042 042
 0000 0600 0275 #701c1c 112 028 028
 0000 0600 0500 #cc3333 204 051 051
 0000 0679 0416 #b22222 178 034 034
 0000 0684 0298 #801818 128 024 024
 0000 0694 0859 #f4c2c2 244 194 194
 0000 0694 0859 #f4c2c2 244 194 194
 0000 0738 0404 #b31b1b 179 027 027
 0000 0738 0404 #b31b1b 179 027 027
 0000 0789 0722 #f08080 240 128 128
 0000 0798 0514 #e62020 230 032 032
 0000 1000 0251 #800000 128 000 000
 0000 1000 0273 #8b0000 139 000 000
 0000 1000 0300 #990000 153 000 000
 0000 1000 0300 #990000 153 000 000
 0000 1000 0300 #990000 153 000 000
 0000 1000 0322 #a40000 164 000 000
 0000 1000 0400 #cc0000 204 000 000
 0000 1000 0416 #d40000 212 000 000
 0000 1000 0500 #ff0000 255 000 000
 0000 1000 0625 #ff4040 255 064 064
 0000 1000 0800 #ff9999 255 153 153
 0000 1000 0990 #fffafa 255 250 250
 0013 0266 0347 #704241 112 066 065
 0016 0604 0357 #922724 146 039 036
 0019 1000 0500 #ff0800 255 008 000
 0030 1000 0690 #ff6961 255 105 097
 0032 0447 0504 #b94e48 185 078 072
 0033 1000 0643 #ff5349 255 083 073
 0036 0191 0339 #674846 103 072 070
 0036 0809 0590 #eb4c42 235 076 066
 0038 0738 0535 #e03c31 224 060 049
 0039 0977 0659 #fd5e53 253 094 083
 0041 1000 0341 #ae0c00 174 012 000
 0047 0901 0724 #f88379 248 131 121
 0048 0758 0547 #e34234 227 066 052
 0048 0758 0547 #e34234 227 066 052
 0054 0535 0447 #af4035 175 064 053
 0054 0535 0447 #af4035 175 064 053
 0060 1000 0941 #ffe4e1 255 228 225
 0064 0988 0682 #fe6f5e 254 111 094
 0066 0948 0849 #fdbcb4 253 188 180
 0067 0099 0357 #645452 100 084 082
 0074 0471 0237 #592720 089 039 032
 0078 0920 0343 #a81c07 168 028 007
 0085 1000 0500 #ff2400 255 036 000
 0087 0344 0353 #79443b 121 068 059
 0088 0586 0341 #8a3324 138 051 036
 0091 1000 0639 #ff6347 255 099 071
 0094 0184 0341 #674c47 103 076 071
 0094 0702 0447 #c23b22 194 059 034
 0094 1000 0500 #ff2800 255 040 000
 0096 0226 0486 #986960 152 105 096
 0097 0576 0537 #cd5b45 205 091 069
 0100 0615 0847 #d0f0c0 208 240 192
 0102 0699 0622 #e2725b 226 114 091
 0107 1000 0606 #ff5a36 255 090 054
 0115 0375 0188 #21421e 033 066 030
 0117 0127 0310 #465945 070 089 069
 0117 0711 0312 #882d17 136 045 023
 0117 1000 0769 #ffa089 255 160 137
 0119 1000 0645 #ff6e4a 255 110 074
 0120 0251 0649 #8fbc8f 143 188 143
 0120 0439 0776 #addfad 173 223 173
 0120 0600 0667 #77dd77 119 221 119
 0120 0607 0339 #228b22 034 139 034
 0120 0608 0500 #32cd32 050 205 050
 0120 0734 0749 #90ee90 144 238 144
 0120 0925 0790 #98fb98 152 251 152
 0120 1000 0200 #006600 000 102 000
 0120 1000 0251 #008000 000 128 000
 0120 1000 0251 #008000 000 128 000
 0120 1000 0282 #009000 000 144 000
 0120 1000 0500 #00ff00 000 255 000
 0120 1000 0500 #00ff00 000 255 000
 0120 1000 0798 #98ff98 152 255 152
 0120 1000 0971 #f0fff0 240 255 240
 0124 0123 0539 #98817b 152 129 123
 0132 1000 0500 #ff3800 255 056 000
 0135 0085 0722 #b2beb5 178 190 181
 0138 0776 0616 #e97451 233 116 081
 0140 0195 0698 #a3c1ad 163 193 173
 0140 0522 0549 #50c878 080 200 120
 0140 0522 0549 #50c878 080 200 120
 0140 1000 0706 #ff8c69 255 140 105
 0150 1000 0980 #f5fffa 245 255 250
 0151 0716 0696 #e9967a 233 150 122
 0157 1000 0490 #00fa9a 000 250 154
 0158 0961 0100 #013220 001 050 032
 0161 1000 0657 #ff7f50 255 127 080
 0162 0161 0122 #1a2421 026 036 033
 0162 0506 0690 #88d8c0 136 216 192
 0162 1000 0500 #ff4500 255 069 000
 0164 1000 0169 #00563f 000 086 063
 0165 1000 0400 #00cc99 000 204 153
 0169 0768 0510 #e25822 226 088 034
 0169 0897 0420 #cb410b 203 065 011
 0171 1000 0739 #ffa07a 255 160 122
 0175 0984 0239 #01796f 001 121 111
 0179 0738 0465 #1fcecb 031 206 203
 0180 0254 0247 #2f4f4f 047 079 079
 0180 0649 0810 #afeeee 175 238 238
 0180 1000 0125 #004040 000 064 064
 0180 1000 0129 #004242 000 066 066
 0180 1000 0227 #007474 000 116 116
 0180 1000 0251 #008080 000 128 128
 0180 1000 0251 #008080 000 128 128
 0180 1000 0273 #008b8b 000 139 139
 0180 1000 0500 #00ffff 000 255 255
 0180 1000 0500 #00ffff 000 255 255
 0180 1000 0500 #00ffff 000 255 255
 0180 1000 0500 #00ffff 000 255 255
 0180 1000 0849 #b2ffff 178 255 255
 0180 1000 0939 #e0ffff 224 255 255
 0180 1000 0971 #f0ffff 240 255 255
 0181 0858 0386 #b7410e 183 065 014
 0183 0608 0629 #da8a67 218 138 103
 0186 1000 0488 #f94d00 249 077 000
 0186 1000 0500 #ff4f00 255 079 000
 0194 0811 0543 #e9692c 233 105 044
 0199 0393 0606 #73a9c2 115 169 194
 0200 1000 0376 #c04000 192 064 000
 0200 1000 0700 #ff9966 255 153 102
 0201 1000 0631 #ff8243 255 130 067
 0203 0920 0755 #87cefa 135 206 250
 0204 0188 0261 #36454f 054 069 079
 0204 0301 0512 #5d8aa8 093 138 168
 0204 0301 0512 #5d8aa8 093 138 168
 0208 1000 0971 #f0f8ff 240 248 255
 0209 0881 0263 #08457e 008 069 126
 0210 0083 0953 #f2f3f4 242 243 244
 0210 0083 0953 #f2f3f4 242 243 244
 0210 0126 0502 #708090 112 128 144
 0210 0143 0533 #778899 119 136 153
 0210 0500 0600 #6699cc 102 153 204
 0210 0608 0380 #26619c 038 097 156
 0210 0680 0804 #abcdef 171 205 239
 0210 0791 0549 #318ce7 049 140 231
 0210 1000 0200 #003366 000 051 102
 0212 1000 0353 #0054b4 000 084 180
 0214 0115 0761 #c9c0bb 201 192 187
 0214 0165 0333 #635147 099 081 071
 0217 0197 0531 #9f8170 159 129 112
 0218 0468 0631 #cd9575 205 149 117
 0220 1000 0300 #003399 000 051 153
 0220 1000 0300 #003399 000 051 153
 0220 1000 0329 #0038a8 000 056 168
 0222 1000 0333 #0033aa 000 051 170
 0225 0727 0569 #4169e1 065 105 225
 0233 0692 0102 #2c1608 044 022 008
 0234 0667 0941 #e6e8fa 230 232 250
 0235 0604 0594 #d68a59 214 138 089
 0235 0902 0839 #fbceb1 251 206 177
 0237 0566 0702 #deaa88 222 170 136
 0240 0326 0180 #3d2b1f 061 043 031
 0240 0329 0725 #a2a2d0 162 162 208
 0240 0635 0269 #191970 025 025 112
 0240 0667 0941 #e6e6fa 230 230 250
 0240 0667 0941 #e6e6fa 230 230 250
 0240 1000 0251 #000080 000 000 128
 0240 1000 0273 #00008b 000 000 139
 0240 1000 0306 #00009c 000 000 156
 0240 1000 0402 #0000cd 000 000 205
 0240 1000 0500 #0000ff 000 000 255
 0240 1000 0900 #ccccff 204 204 255
 0240 1000 0900 #ccccff 204 204 255
 0240 1000 0986 #f8f8ff 248 248 255
 0242 1000 0500 #ff6700 255 103 000
 0242 1000 0547 #ff7518 255 117 024
 0246 0337 0325 #6f4e37 111 078 055
 0247 1000 0967 #fff5ee 255 245 238
 0249 0648 0445 #bb6528 187 101 040
 0250 0750 0471 #d2691e 210 105 030
 0250 0750 0471 #d2691e 210 105 030
 0250 0750 0471 #d2691e 210 105 030
 0250 0759 0310 #8b4513 139 069 019
 0250 1000 0400 #cc5500 204 085 000
 0252 0316 0616 #bc987e 188 152 126
 0252 0633 0808 #edc9af 237 201 175
 0255 0652 0304 #80461b 128 070 027
 0255 1000 0402 #cd5700 205 087 000
 0256 0296 0504 #a67b5b 166 123 091
 0256 0296 0504 #a67b5b 166 123 091
 0257 0280 0490 #a0785a 160 120 090
 0257 0315 0565 #b38b6d 179 139 109
 0257 1000 0822 #ffcba4 255 203 164
 0260 0629 0598 #d99058 217 144 088
 0267 1000 0767 #ffbd88 255 189 136
 0269 0298 0592 #9678b6 150 120 182
 0270 0500 0600 #9966cc 153 102 204
 0273 0180 0239 #483c32 072 060 050
 0273 0180 0239 #483c32 072 060 050
 0273 0180 0239 #483c32 072 060 050
 0275 0224 0420 #836953 131 105 083
 0276 0871 0667 #f4a460 244 164 096
 0280 0429 0533 #9955bb 153 085 187
 0281 0462 0745 #c9a0dc 201 160 220
 0281 0842 0553 #ed872d 237 135 045
 0283 1000 0863 #ffdab9 255 218 185
 0284 0724 0412 #b5651d 181 101 029
 0284 0950 0843 #fdd5b1 253 213 177
 0289 0566 0461 #b87333 184 115 051
 0296 0726 0557 #e08d3c 224 141 060
 0297 0692 0669 #e5aa70 229 170 112
 0298 0608 0500 #cd7f32 205 127 050
 0300 0243 0798 #d8bfd8 216 191 216
 0300 0257 0710 #c8a2c8 200 162 200
 0300 0267 0941 #f4f0ec 244 240 236
 0300 0288 0463 #987654 152 118 084
 0300 0333 0047 #100c08 016 012 008
 0300 0389 0212 #4b3621 075 054 033
 0300 0468 0543 #c154c1 193 084 193
 0300 0473 0747 #dda0dd 221 160 221
 0300 0473 0747 #dda0dd 221 160 221
 0300 0473 0747 #dda0dd 221 160 221
 0300 0507 0263 #654321 101 067 033
 0300 0507 0263 #654321 101 067 033
 0300 0515 0871 #efdecd 239 222 205
 0300 0667 0941 #faf0e6 250 240 230
 0300 0697 0259 #704214 112 066 020
 0300 0714 0467 #cc7722 204 119 034
 0300 0761 0722 #ee82ee 238 130 238
 0300 0761 0722 #ee82ee 238 130 238
 0300 1000 0251 #800080 128 000 128
 0300 1000 0251 #800080 128 000 128
 0300 1000 0273 #8b008b 139 000 139
 0300 1000 0400 #cc00cc 204 000 204
 0300 1000 0500 #ff00ff 255 000 255
 0300 1000 0500 #ff00ff 255 000 255
 0300 1000 0500 #ff00ff 255 000 255
 0300 1000 0600 #ff9933 255 153 051
 0300 1000 0718 #ff6fff 255 111 255
 0300 1000 0733 #ff77ff 255 119 255
 0306 1000 0631 #ffa343 255 163 067
 0311 0464 0300 #702963 112 041 099
 0313 1000 0557 #ff1dce 255 029 206
 0315 0240 0294 #5d3954 093 057 084
 0315 1000 0600 #ff33cc 255 051 204
 0320 0025 0533 #8b8589 139 133 137
 0320 1000 0700 #ff66cc 255 102 204
 0325 1000 0884 #ffe4c4 255 228 196
 0328 0410 0588 #c19a6b 193 154 107
 0328 0410 0588 #c19a6b 193 154 107
 0328 0410 0588 #c19a6b 193 154 107
 0328 0410 0588 #c19a6b 193 154 107
 0328 0513 0533 #c54b8c 197 075 140
 0329 0850 0529 #ed9121 237 145 033
 0329 1000 0500 #ff8c00 255 140 000
 0329 1000 0631 #ff43a4 255 067 164
 0330 0051 0310 #534b4f 083 075 079
 0330 1000 0475 #f28500 242 133 000
 0330 1000 0706 #ff69b4 255 105 180
 0333 0111 0841 #dbd7d2 219 215 210
 0333 0627 0653 #de6fa1 222 111 161
 0334 1000 0869 #ffbcd9 255 188 217
 0336 1000 0500 #ff8f00 255 143 000
 0338 0569 0700 #deb887 222 184 135
 0339 0648 0722 #e6be8a 230 190 138
 0339 1000 0425 #d9004c 217 000 076
 0340 0635 0731 #e68fac 230 143 172
 0340 1000 0971 #fff0f5 255 240 245
 0342 0684 0627 #e1a95f 225 169 095
 0342 0754 0618 #e75480 231 084 128
 0343 0169 0594 #a99a86 169 154 134
 0343 0438 0686 #d2b48c 210 180 140
 0343 0778 0912 #faebd7 250 235 215
 0343 0778 0912 #faebd7 250 235 215
 0343 1000 0629 #ffae42 255 174 066
 0344 1000 0345 #b06500 176 101 000
 0345 0400 0667 #cc8899 204 136 153
 0345 1000 0251 #800020 128 000 032
 0346 0895 0814 #fad6a5 250 214 165
 0346 0895 0814 #fad6a5 250 214 165
 0346 0895 0814 #fad6a5 250 214 165
 0346 1000 0506 #ff033e 255 003 062
 0347 0714 0616 #e3a857 227 168 087
 0347 1000 0447 #e48400 228 132 000
 0348 0833 0471 #dc143c 220 020 060
 0348 0951 0680 #fb607f 251 096 127
 0348 1000 0743 #ffc87c 255 200 124
 0351 0336 0575 #b76e79 183 110 121
 0351 1000 0445 #e30022 227 000 034
 0351 1000 0857 #ffb6c1 255 182 193
 0352 1000 0639 #ffb347 255 179 071
 0355 0857 0437 #cf1020 207 016 032
 0359 1000 0839 #ffdead 255 222 173
 0360 1000 0902 #ffebcd 255 235 205
 0364 0759 0341 #996515 153 101 021
 0371 1000 0918 #ffefd5 255 239 213
 0372 0294 0667 #c3b091 195 176 145
 0373 0195 0453 #8a795d 138 121 093
 0374 1000 0500 #ff9f00 255 159 000
 0380 1000 0535 #ffa812 255 168 018
 0388 1000 0500 #ffa500 255 165 000
 0390 0885 0829 #fadfad 250 223 173
 0391 0767 0831 #f5deb3 245 222 179
 0391 0852 0947 #fdf5e6 253 245 230
 0392 0317 0839 #e3dac9 227 218 201
 0392 1000 0853 #ffe5b4 255 229 180
 0393 1000 0500 #ffa700 255 167 000
 0394 0877 0476 #e49b0f 228 155 015
 0399 1000 0427 #da9100 218 145 000
 0400 0055 0892 #e5e4e2 229 228 226
 0400 0649 0435 #b78727 183 135 039
 0400 1000 0971 #fffaf0 255 250 240
 0415 0565 0271 #6c541e 108 084 030
 0421 1000 0500 #ffb300 255 179 000
 0424 0447 0851 #eae0c8 234 224 200
 0425 0734 0339 #967117 150 113 023
 0425 0734 0339 #967117 150 113 023
 0425 0734 0339 #967117 150 113 023
 0425 0734 0339 #967117 150 113 023
 0425 1000 0953 #fff8e7 255 248 231
 0427 0887 0382 #b8860b 184 134 011
 0429 0744 0490 #daa520 218 165 032
 0432 0591 0502 #cba135 203 161 053
 0435 0873 0845 #fae7b5 250 231 181
 0438 0762 0506 #e1ad21 225 173 033
 0438 0766 0565 #e5b73b 229 183 059
 0438 1000 0500 #ffba00 255 186 000
 0449 1000 0500 #ffbf00 255 191 000
 0449 1000 0500 #ffbf00 255 191 000
 0450 0283 0443 #918151 145 129 081
 0450 1000 0600 #ffcc33 255 204 051
 0453 0899 0573 #f4c430 244 196 048
 0454 0911 0690 #f8d568 248 213 104
 0454 1000 0524 #ffc40c 255 196 012
 0455 0351 0631 #c2b280 194 178 128
 0455 0351 0631 #c2b280 194 178 128
 0462 0464 0890 #f0ead6 240 234 214
 0462 1000 0494 #fcc200 252 194 000
 0471 1000 0673 #ffdb58 255 219 088
 0472 0897 0733 #f8de7e 248 222 126
 0477 0940 0675 #fada5e 250 218 094
 0477 0940 0675 #fada5e 250 218 094
 0477 0940 0675 #fada5e 250 218 094
 0480 1000 0500 #ffcc00 255 204 000
 0480 1000 0500 #ffcc00 255 204 000
 0480 1000 0931 #fff8dc 255 248 220
 0483 0750 0812 #f3e5ab 243 229 171
 0483 0750 0812 #f3e5ab 243 229 171
 0491 0786 0725 #f0dc82 240 220 130
 0495 0607 0522 #cfb53b 207 181 059
 0500 0761 0722 #eedc82 238 220 130
 0500 0857 0863 #faf0be 250 240 190
 0501 0484 0559 #c5b358 197 179 088
 0506 1000 0500 #ffd700 255 215 000
 0508 1000 0500 #ffd800 255 216 000
 0510 0741 0667 #e9d66b 233 214 107
 0510 0741 0667 #e9d66b 233 214 107
 0511 1000 0604 #ffe135 255 225 053
 0520 0819 0588 #ecd540 236 213 064
 0520 0868 0763 #f7e98e 247 233 142
 0522 0466 0484 #b5a642 181 166 066
 0525 1000 0500 #ffdf00 255 223 000
 0540 0769 0745 #f0e68c 240 230 140
 0540 1000 0902 #fffacd 255 250 205
 0543 0952 0675 #fbec5d 251 236 093
 0543 0952 0675 #fbec5d 251 236 093
 0544 0684 0665 #e4d96f 228 217 111
 0545 0916 0467 #e4d00a 228 208 010
 0547 0667 0800 #eee8aa 238 232 170
 0553 0865 0565 #f0e130 240 225 048
 0556 0383 0580 #bdb76b 189 183 107
 0562 1000 0500 #ffef00 255 239 000
 0563 1000 0655 #fff44f 255 244 079
 0564 1000 0496 #fdee00 253 238 000
 0574 1000 0908 #fffdd0 255 253 208
 0579 1000 0500 #fff600 255 246 000
 0580 1000 0467 #eee600 238 230 000
 0581 0963 0678 #fcf75e 252 247 094
 0581 1000 0500 #fff700 255 247 000
 0585 0361 0576 #bab86c 186 184 108
 0587 0553 0833 #ecebbd 236 235 189
 0590 1000 0451 #e6e200 230 226 000
 0600 0008 0514 #848482 132 132 130
 0600 0103 0790 #cfcfc4 207 207 196
 0600 0556 0912 #f5f5dc 245 245 220
 0600 0800 0902 #fafad2 250 250 210
 0600 0963 0790 #fdfd96 253 253 150
 0600 0991 0565 #fefe22 254 254 034
 0600 1000 0251 #808000 128 128 000
 0600 1000 0251 #808000 128 128 000
 0600 1000 0500 #ffff00 255 255 000
 0600 1000 0500 #ffff00 255 255 000
 0600 1000 0596 #ffff31 255 255 049
 0600 1000 0700 #ffff66 255 255 102
 0600 1000 0800 #ffff99 255 255 153
 0600 1000 0965 #ffffed 255 255 237
 0600 1000 0971 #fffff0 255 255 240
 0658 0753 0539 #d1e231 209 226 049
 0694 0443 0225 #4b5320 075 083 032
 0720 1000 0500 #ccff00 204 255 000
 0720 1000 0500 #ccff00 204 255 000
 0733 0639 0598 #bdda57 189 218 087
 0734 0548 0696 #c9dc87 201 220 135
 0735 1000 0357 #8db600 141 182 000
 0745 0553 0500 #a4c639 164 198 057
 0751 1000 0500 #bfff00 191 255 000
 0751 1000 0500 #bfff00 191 255 000
 0796 0605 0347 #6b8e23 107 142 035
 0797 0608 0500 #9acd32 154 205 050
 0800 0171 0241 #414833 065 072 051
 0802 1000 0494 #a7fc00 167 252 000
 0820 0390 0302 #556b2f 085 107 047
 0837 1000 0592 #adff2f 173 255 047
 0843 0790 0645 #b2ec5d 178 236 093
 0866 0333 0588 #9ab973 154 185 115
 0901 1000 0500 #7fff00 127 255 000
 0905 1000 0494 #7cfc00 124 252 000
 0911 0112 0473 #78866b 120 134 107
 0925 0497 0327 #507d2a 080 125 042
 0929 0265 0541 #87a96b 135 169 107
 0952 0174 0673 #a9ba9d 169 186 157
 0960 1000 0500 #66ff00 102 255 000
 0961 0417 0610 #93c572 147 197 114
 0977 0387 0565 #85bb65 133 187 101
 1003 1000 0251 #2a8000 042 128 000
 1006 0781 0412 #4cbb17 076 187 023
 1052 1000 0500 #3fff00 063 255 000
 1057 0894 0184 #195905 025 089 005
 1058 0294 0367 #4f7942 079 121 066
 1104 0439 0580 #74c365 116 195 101
 1106 1000 0539 #39ff14 057 255 020
 1129 0557 0761 #a8e4a0 168 228 160
 1148 0889 0282 #138808 019 136 008
 1218 1000 0731 #76ff7a 118 255 122
 1234 0469 0778 #ace1af 172 225 175
 1256 0359 0590 #71bc78 113 188 120
 1288 0279 0288 #355e3b 053 094 059
 1344 0313 0686 #96c8a2 150 200 162
 1358 0076 0488 #738678 115 134 120
 1366 0439 0210 #1e4d2b 030 077 043
 1381 0969 0382 #03c03c 003 192 060
 1399 0933 0292 #059033 005 144 051
 1403 0904 0449 #0bda51 011 218 081
 1411 0612 0525 #3cd070 060 208 112
 1414 0875 0251 #087830 008 120 048
 1422 0397 0733 #a0d6b4 160 214 180
 1425 0094 0333 #4d5d53 077 093 083
 1465 0503 0363 #2e8b57 046 139 087
 1467 0498 0469 #3cb371 060 179 113
 1487 0971 0135 #014421 001 068 033
 1499 1000 0500 #00ff7f 000 255 127
 1499 1000 0500 #00ff7f 000 255 127
 1503 0664 0269 #177245 023 114 069
 1509 0493 0139 #123524 018 053 036
 1534 0700 0804 #aaf0d1 170 240 209
 1536 1000 0129 #004225 000 066 037
 1536 1000 0210 #006b3c 000 107 060
 1543 0636 0633 #66ddaa 102 221 170
 1554 1000 0206 #00693e 000 105 062
 1565 1000 0310 #009e60 000 158 096
 1581 0488 0475 #3eb489 062 180 137
 1582 1000 0329 #00a86b 000 168 107
 1598 1000 0749 #7fffd4 127 255 212
 1607 0583 0539 #45cea2 069 206 162
 1608 0309 0159 #1c352d 028 053 045
 1609 0340 0380 #40826d 064 130 109
 1613 0590 0459 #30ba8f 048 186 143
 1625 0247 0380 #49796b 073 121 107
 1634 0613 0416 #29ab87 041 171 135
 1642 1000 0208 #006a4e 000 106 078
 1667 0484 0182 #18453b 024 069 059
 1682 1000 0229 #00755e 000 117 094
 1692 0522 0729 #96ded1 150 222 209
 1701 1000 0214 #006d5b 000 109 091
 1753 0663 0512 #30d5c8 048 213 200
 1762 1000 0500 #00ffef 000 255 239
 1767 0695 0412 #20b2aa 032 178 170
 1773 0455 0482 #43b3ae 067 179 174
 1773 0933 0471 #08e8de 008 232 222
 1778 0598 0551 #48d1cc 072 209 204
 1783 0898 0384 #0abab5 010 186 181
 1784 1000 0147 #004b49 000 075 073
 1809 1000 0410 #00ced1 000 206 209
 1818 0255 0500 #5f9ea0 095 158 160
 1825 1000 0953 #e7feff 231 254 255
 1828 1000 0745 #7df9ff 125 249 255
 1833 0076 0467 #6e7f80 110 127 128
 1867 0519 0796 #b0e0e6 176 224 230
 1872 1000 0163 #004953 000 073 083
 1882 0660 0804 #ace5ee 172 229 238
 1909 0078 0276 #414a4c 065 074 076
 1909 1000 0357 #0095b6 000 149 182
 1911 0755 0449 #1ca9c9 028 169 201
 1918 0869 0390 #0d98ba 013 152 186
 1919 0723 0467 #21abcd 033 171 205
 1932 0670 0786 #a4dded 164 221 237
 1936 0761 0476 #1dacd6 029 172 214
 1939 0432 0373 #367588 054 117 136
 1947 0533 0790 #add8e6 173 216 230
 1951 1000 0500 #00bfff 000 191 255
 1951 1000 0500 #00bfff 000 191 255
 1952 0975 0524 #0fc0fc 015 192 252
 1956 1000 0324 #007aa5 000 122 165
 1958 1000 0327 #007ba7 000 123 167
 1964 0256 0747 #aec6cf 174 198 207
 1974 0714 0725 #87ceeb 135 206 235
 1974 1000 0290 #006994 000 105 148
 1986 0926 0424 #0892d0 008 146 208
 1992 0774 0739 #89cff0 137 207 240
 1994 0157 0386 #536872 083 104 114
 2004 1000 0804 #9bddff 155 221 255
 2007 0674 0747 #93ccea 147 204 234
 2015 0669 0763 #9aceeb 154 206 235
 2024 1000 0373 #0077be 000 119 190
 2025 1000 0324 #0067a5 000 103 165
 2034 1000 0367 #0072bb 000 114 187
 2046 1000 0163 #003153 000 049 083
 2051 0944 0718 #73c2fb 115 194 251
 2052 0164 0629 #91a3b0 145 163 176
 2053 0590 0551 #4997d0 073 151 208
 2054 0550 0747 #9bc4e2 155 196 226
 2057 0457 0820 #bcd4e6 188 212 230
 2057 0457 0820 #bcd4e6 188 212 230
 2059 0182 0398 #536878 083 104 120
 2059 0182 0398 #536878 083 104 120
 2067 1000 0406 #0073cf 000 115 207
 2073 0440 0490 #4682b4 070 130 180
 2086 0961 0300 #035096 003 080 150
 2093 0741 0788 #a1caf1 161 202 241
 2094 0827 0386 #1164b4 017 100 180
 2096 1000 0559 #1e90ff 030 144 255
 2101 1000 0500 #007fff 000 127 255
 2109 0500 0733 #99badd 153 186 221
 2116 0814 0316 #0f4d92 015 077 146
 2119 0508 0506 #417dc1 065 125 193
 2121 0447 0631 #779ecb 119 158 203
 2121 1000 0139 #002147 000 033 071
 2121 1000 0194 #002e63 000 046 099
 2132 0800 0412 #1560bd 021 096 189
 2136 1000 0500 #0070ff 000 112 255
 2151 1000 0335 #0047ab 000 071 171
 2161 0726 0627 #5b92e5 091 146 229
 2163 0371 0545 #6082b6 096 130 182
 2165 0851 0394 #0f52ba 015 082 186
 2185 0792 0661 #6495ed 100 149 237
 2209 0284 0455 #536895 083 104 149
 2227 0591 0539 #446ccf 068 108 207
 2231 1000 0327 #002fa7 000 047 167
 2238 0638 0455 #2a52be 042 082 190
 2256 0824 0357 #1034a6 016 052 166
 2257 0329 0725 #a2add0 162 173 208
 2277 0900 0608 #4166f5 065 102 245
 2288 0162 0612 #8c92ac 140 146 172
 2288 0561 0447 #324ab2 050 074 178
 2291 0740 0422 #1c39bb 028 057 187
 2305 0101 0629 #979aaa 151 154 170
 2329 1000 0329 #0014a8 000 020 168
 2334 1000 0269 #000f89 000 015 137
 2336 0763 0520 #273be2 039 059 226
 2359 0554 0308 #23297a 035 041 122
 2436 0869 0300 #120a8f 018 010 143
 2446 0121 0790 #c4c3d0 196 195 208
 2452 0571 0561 #5a4fcf 090 079 207
 2457 0400 0588 #746cc0 116 108 192
 2469 0667 0588 #6050dc 096 080 220
 2483 0535 0578 #6a5acd 106 090 205
 2485 0390 0392 #483d8b 072 061 139
 2485 0798 0671 #7b68ee 123 104 238
 2528 0385 0618 #8878c3 136 120 195
 2548 1000 0500 #3f00ff 063 000 255
 2553 1000 0908 #dcd0ff 220 208 255
 2554 0958 0537 #5218fa 082 024 250
 2585 0743 0275 #32127a 050 018 122
 2596 0598 0649 #9370db 147 112 219
 2607 0445 0731 #b19cd9 177 156 217
 2618 1000 0978 #f8f4ff 248 244 255
 2627 0557 0637 #966fd6 150 111 214
 2647 0787 0631 #9457eb 148 087 235
 2661 1000 0500 #6f00ff 111 000 255
 2666 0352 0490 #7851a9 120 081 169
 2675 0288 0598 #967bb6 150 123 182
 2695 0292 0618 #9d81ba 157 129 186
 2703 0493 0410 #69359c 105 053 156
 2704 0310 0449 #734f96 115 079 150
 2711 0759 0527 #8a2be2 138 043 226
 2711 0759 0527 #8a2be2 138 043 226
 2723 0597 0737 #bf94e4 191 148 228
 2736 1000 0500 #8f00ff 143 000 255
 2746 1000 0255 #4b0082 075 000 130
 2765 1000 0845 #e0b0ff 224 176 255
 2769 0874 0533 #a020f0 160 032 240
 2774 1000 0500 #9f00ff 159 000 255
 2779 0218 0829 #d6cadd 214 202 221
 2801 0606 0498 #9932cc 153 050 204
 2811 0613 0767 #d19fe8 209 159 232
 2821 1000 0414 #9400d3 148 000 211
 2844 0545 0612 #b666d2 182 102 210
 2849 1000 0500 #bf00ff 191 000 255
 2863 1000 0725 #df73ff 223 115 255
 2881 0589 0580 #ba55d3 186 085 211
 2896 0193 0467 #86608e 134 096 142
 2903 1000 0867 #f4bbff 244 187 255
 2903 1000 0867 #f4bbff 244 187 255
 2925 1000 0500 #df00ff 223 000 255
 2925 1000 0500 #df00ff 223 000 255
 2948 0135 0665 #b39eb5 179 158 181
 2996 0972 0724 #fc74fd 252 116 253
 3023 0589 0647 #da70d6 218 112 214
 3024 0325 0698 #cb99c9 203 153 201
 3033 0096 0631 #aa98a9 170 152 169
 3035 0076 0441 #796878 121 104 120
 3051 0907 0747 #f984ef 249 132 239
 3075 0444 0282 #682860 104 040 096
 3103 0907 0747 #f984e5 249 132 229
 3109 0575 0471 #bd33a4 189 051 164
 3113 0111 0282 #50404d 080 064 077
 3123 0989 0651 #fe4eda 254 078 218
 3152 0975 0524 #fc0fc0 252 015 192
 3158 0224 0465 #915c83 145 092 131
 3158 0919 0806 #fba0e3 251 160 227
 3188 0262 0618 #b784a7 183 132 167
 3203 0560 0455 #b53389 181 051 137
 3204 0495 0627 #cf71af 207 113 175
 3204 1000 0478 #f400a1 244 000 161
 3204 1000 0478 #f400a1 244 000 161
 3213 0642 0482 #ca2c92 202 044 146
 3218 0988 0673 #fe59c2 254 089 194
 3222 0809 0431 #c71585 199 021 133
 3222 0809 0431 #c71585 199 021 133
 3232 0132 0539 #997a8d 153 122 141
 3235 0291 0310 #663854 102 056 084
 3238 0571 0467 #bb3385 187 051 133
 3244 0551 0790 #e7accf 231 172 207
 3252 0962 0204 #66023c 102 002 060
 3255 0855 0892 #fbcce7 251 204 231
 3258 0991 0576 #fe28a2 254 040 162
 3275 0459 0363 #873260 135 050 096
 3276 1000 0539 #ff1493 255 020 147
 3276 1000 0539 #ff1493 255 020 147
 3277 0875 0345 #a50b5e 165 011 094
 3283 0765 0484 #da1d81 218 029 129
 3285 0882 0733 #f77fbe 247 127 190
 3286 0308 0414 #8a496b 138 073 107
 3288 0667 0282 #78184a 120 024 074
 3291 0205 0316 #614051 097 064 081
 3296 0694 0525 #da3287 218 050 135
 3297 0561 0339 #872657 135 038 087
 3298 0938 0618 #f9429e 249 066 158
 3301 1000 0500 #ff007f 255 000 127
 3301 1000 0500 #ff007f 255 000 127
 3304 0716 0600 #e25098 226 080 152
 3319 0906 0833 #fbaed2 251 174 210
 3325 1000 0667 #ff55a3 255 085 163
 3333 0804 0780 #f49ac2 244 154 194
 3349 0799 0469 #d71868 215 024 104
 3356 0355 0298 #673147 103 049 071
 3356 0823 0578 #ec3b83 236 059 131
 3362 0911 0647 #f75394 247 083 148
 3364 1000 0825 #ffa6c9 255 166 201
 3372 0908 0467 #e30b5d 227 011 093
 3374 0859 0473 #e0115f 224 017 095
 3375 0571 0439 #b03060 176 048 096
 3377 0905 0627 #f64a8a 246 074 138
 3379 0772 0518 #e3256b 227 037 107
 3384 0449 0484 #b3446c 179 068 108
 3386 0911 0441 #d70a53 215 010 083
 3395 0802 0822 #f6adc6 246 173 198
 3404 0598 0649 #db7093 219 112 147
 3404 0598 0649 #db7093 219 112 147
 3414 1000 0500 #ff004f 255 000 079
 3417 0214 0329 #66424d 102 066 077
 3417 0950 0763 #fc89ac 252 137 172
 3421 1000 0414 #d3003f 211 000 063
 3421 1000 0422 #d70040 215 000 064
 3423 0662 0618 #de5d83 222 093 131
 3427 0724 0531 #de3163 222 049 099
 3427 0724 0531 #de3163 222 049 099
 3429 0875 0686 #f56991 245 105 145
 3431 0889 0929 #fddde6 253 221 230
 3432 0208 0471 #915f6d 145 095 109
 3432 0208 0471 #915f6d 145 095 109
 3436 0948 0773 #fc8eac 252 142 172
 3441 0933 0175 #560319 086 003 025
 3442 1000 0373 #be0032 190 000 050
 3449 1000 0500 #ff0040 255 000 064
 3452 1000 0500 #ff003f 255 000 063
 3456 0711 0447 #c32148 195 033 072
 3457 1000 0910 #ffd1dc 255 209 220
 3462 0867 0765 #f78fa7 247 143 167
 3465 1000 0563 #ff2052 255 032 082
 3466 0312 0578 #b57281 181 114 129
 3468 1000 0500 #ff0038 255 000 056
 3469 0682 0394 #a9203e 169 032 062
 3476 0731 0767 #ef98aa 239 152 170
 3478 1000 0604 #ff355e 255 053 094
 3481 0782 0533 #e52b50 229 043 080
 3483 1000 0859 #ffb7c5 255 183 197
 3489 0691 0369 #9f1d35 159 029 053
 3494 1000 0878 #ffc1cc 255 193 204
 3495 1000 0876 #ffc0cb 255 192 203
 3496 0948 0455 #e2062c 226 006 044
 3496 0960 0706 #fc6c85 252 108 133
 3496 1000 0784 #ff91a4 255 145 164
 3499 0735 0443 #c41e3a 196 030 058
 3502 0984 0524 #fd0e35 253 014 053
 3506 1000 0500 #ff0028 255 000 040
 3517 0570 0525 #cb4154 203 065 084
 3527 0138 0531 #98777b 152 119 123
 3528 0416 0316 #722f37 114 047 055
 3533 0553 0553 #cc4e5c 204 078 092
 3534 1000 0394 #c90016 201 000 022
 3535 1000 0198 #65000b 101 000 011
 3542 0580 0720 #e18e96 225 142 150
 3544 0762 0918 #fadadd 250 218 221
 3549 0771 0520 #e32636 227 038 054
 3549 0771 0520 #e32636 227 038 054
 3551 0370 0392 #893f45 137 063 069
 3553 0680 0669 #e4717a 228 113 122
 3553 0718 0653 #e66771 230 103 113
 3559 0923 0408 #c80815 200 008 021
 3562 0689 0404 #ae2029 174 032 041
 3566 1000 0455 #e8000d 232 000 013
 3569 0731 0467 #ce2029 206 032 041
 3572 0413 0408 #933d41 147 061 065
 3574 0373 0488 #ab4e52 171 078 082
 3575 0414 0773 #ddadaf 221 173 175
 3575 0857 0563 #ef3038 239 048 056
 3588 0661 0537 #d73b3e 215 059 062
 3589 0757 0275 #7b1113 123 017 019
 3591 0337 0627 #c08081 192 128 129
 3591 0846 0153 #480607 072 006 007
